Radix  1 1 1 1 1 1 1 1 
Vname  A[3] A[2] A[1] A[0] B[3] B[2] B[1] B[0]
IO     i i i i i i i i
Tunit  ns 
Period 0.4
Trise  0.00
Tfall  0.00
Tdelay 0
Vih    0.7
Vil    0.0

1 1 0 1 0 0 1 0 
1 1 0 1 0 0 1 1
1 1 0 1 0 0 1 0 
1 1 0 1 0 0 1 1

1 0 0 1 0 1 1 0
1 0 0 1 0 1 1 1
1 0 0 1 0 1 1 0
1 0 0 1 0 1 1 1

1 0 1 1 0 1 0 0
1 0 1 1 0 1 0 1
1 0 1 1 0 1 0 0
1 0 1 1 0 1 0 1

0 0 0 1 1 1 1 0
0 0 0 1 1 1 1 1
0 0 0 1 1 1 1 0
0 0 0 1 1 1 1 1

0 0 1 1 1 1 0 0 
0 0 1 1 1 1 0 1
0 0 1 1 1 1 0 0 
0 0 1 1 1 1 0 1

0 1 1 1 1 0 0 0
0 1 1 1 1 0 0 1
0 1 1 1 1 0 0 0
0 1 1 1 1 0 0 1

0 1 0 1 1 0 1 0
0 1 0 1 1 0 1 1
0 1 0 1 1 0 1 0
0 1 0 1 1 0 1 1

1 1 1 1 0 0 0 0
1 1 1 1 0 0 0 1
1 1 1 1 0 0 0 0
1 1 1 1 0 0 0 1







