Radix  1 1 1 1 1 1 1 1 1 1 1 1 1 1 1 1 1 1 1 1 1 1 1 1 1 1 1 1 1 1 1 1
Vname  IFM_0[3] IFM_0[2] IFM_0[1] IFM_0[0] IFM_1[3] IFM_1[2] IFM_1[1] IFM_1[0] IFM_2[3] IFM_2[2] IFM_2[1] IFM_2[0] IFM_3[3] IFM_3[2] IFM_3[1] IFM_3[0] INW_0[3] INW_0[2] INW_0[1] INW_0[0] INW_1[3] INW_1[2] INW_1[1] INW_1[0] INW_2[3] INW_2[2] INW_2[1] INW_2[0] INW_3[3] INW_3[2] INW_3[1] INW_3[0]
IO     i i i i i i i i i i i i i i i i i i i i i i i i i i i i i i i i
Tunit  ns 
Period 0.5
Trise  0.01
Tfall  0.01
Tdelay 0.5
Vih    vol
Vil    0.0

0 0 0 0 0 0 0 0 0 1 1 1 1 1 1 0 0 0 0 0 0 0 0 0 1 1 0 1 1 0 1 1
0 0 0 0 0 0 0 0 0 1 1 1 1 1 1 1 0 0 0 0 0 0 0 0 1 1 0 1 1 0 1 1
0 0 0 0 0 0 0 0 0 1 1 1 1 1 1 0 0 0 0 0 0 0 0 0 1 1 0 1 1 0 1 1
0 0 0 0 0 0 0 0 0 1 1 1 1 1 1 1 0 0 0 0 0 0 0 0 1 1 0 1 1 0 1 1
0 0 0 0 0 0 0 0 0 1 1 1 1 1 1 0 0 0 0 0 0 0 0 0 1 1 0 1 1 0 1 1
0 0 0 0 0 0 0 0 0 1 1 1 1 1 1 1 0 0 0 0 0 0 0 0 1 1 0 1 1 0 1 1
0 0 0 0 0 0 0 0 0 1 1 1 1 1 1 0 0 0 0 0 0 0 0 0 1 1 0 1 1 0 1 1
0 0 0 0 0 0 0 0 0 1 1 1 1 1 1 1 0 0 0 0 0 0 0 0 1 1 0 1 1 0 1 1
0 0 0 0 0 0 0 0 0 1 1 1 1 1 1 0 0 0 0 0 0 0 0 0 1 1 0 1 1 0 1 1
0 0 0 0 0 0 0 0 0 1 1 1 1 1 1 1 0 0 0 0 0 0 0 0 1 1 0 1 1 0 1 1
1 0 1 1 1 0 0 1 0 0 0 1 0 0 0 0 1 0 1 0 0 0 0 0 1 0 0 1 0 1 0 1 
0 1 0 0 0 0 0 1 0 0 1 0 0 0 1 1 0 1 1 0 1 0 0 0 1 0 0 0 0 0 1 1 
0 0 0 1 1 0 0 1 1 1 1 0 0 1 1 0 0 0 0 1 0 0 1 0 0 0 1 1 1 0 0 0 
0 0 1 1 0 1 1 0 1 0 0 1 1 1 1 0 1 0 1 0 0 1 0 1 0 0 1 0 0 0 1 1 
1 1 0 0 0 1 1 0 0 0 0 1 0 0 0 0 1 0 0 1 0 0 0 1 0 1 0 1 1 0 0 0 
0 1 1 1 1 0 0 1 0 0 0 0 0 1 1 0 1 1 1 0 1 1 0 0 1 0 1 1 0 0 0 1 
1 0 0 0 1 1 0 0 1 0 0 1 1 1 0 1 1 0 1 1 1 1 1 0 0 0 1 0 0 1 0 1 
0 1 1 1 1 1 0 1 1 0 1 1 1 0 0 1 0 0 1 0 0 1 1 1 0 0 0 0 0 0 1 0 
0 1 1 0 0 0 1 1 0 1 1 0 1 0 0 0 0 1 1 1 1 0 0 0 1 0 0 1 0 0 1 1 
0 1 0 1 0 1 1 1 0 1 0 1 1 0 1 1 1 1 0 0 0 1 0 0 1 1 0 0 0 1 1 1 
1 0 1 0 0 0 1 1 0 1 0 0 1 1 0 1 0 1 0 0 1 0 0 0 1 1 0 1 1 0 0 1 
1 0 0 1 1 1 1 0 0 1 0 0 0 1 1 0 1 1 0 1 1 1 0 0 0 0 1 1 0 0 0 0 
1 0 0 0 0 1 0 1 1 0 0 1 1 0 0 0 1 0 0 1 1 0 1 1 1 0 0 0 0 1 0 0 
1 0 1 0 1 0 1 1 0 1 0 1 1 1 0 1 0 1 0 1 0 0 1 1 1 0 1 1 1 1 0 0 
1 1 0 0 0 0 0 0 0 1 0 1 1 0 0 1 1 1 0 1 0 1 1 1 0 1 0 0 1 1 0 1 
1 0 1 0 0 0 1 0 0 0 0 1 1 1 0 0 1 0 0 1 0 0 1 0 0 0 0 0 0 0 1 1 
1 1 0 1 0 0 0 1 1 0 1 0 0 0 1 0 0 0 0 0 0 1 0 1 1 0 1 1 1 0 1 0 
0 1 0 0 0 0 0 1 1 0 0 0 0 1 0 1 0 0 1 1 1 0 1 0 0 0 1 0 0 1 1 0 
0 1 1 1 1 1 0 0 0 0 0 0 1 0 1 1 0 0 1 1 1 1 0 1 1 1 1 0 1 1 1 0 
0 0 1 0 0 1 0 0 0 0 1 0 0 0 0 0 0 1 1 1 0 1 0 0 1 1 1 0 0 0 0 0







